200 1000
6.02
16 4.32
10 2.12
8 3.97
12 3.56
14 1.29
15 2.14
8 2.84
18 1.35
8 2.4
8 3.24
6 3.98
18 1.92
18 4.37
12 2.48
7 4.51
17 2.55
18 4.54
15 0.9
7 1.82
11 4.17
10 1.39
20 4.0
16 2.75
19 0.85
6 0.96
17 2.61
9 1.74
20 0.54
20 1.5
11 4.22
7 4.25
16 1.45
11 1.8
16 4.7
12 4.37
12 0.88
9 2.3
19 2.21
5 1.0
17 4.53
6 4.72
8 3.85
9 4.78
7 4.68
13 2.2
8 4.91
11 4.45
10 0.52
20 0.87
17 1.57
20 2.72
14 0.81
13 4.54
11 0.85
14 3.31
16 3.26
12 4.24
15 3.25
6 1.64
9 3.03
12 0.65
8 2.59
5 4.72
9 0.96
15 2.51
11 2.51
20 4.45
11 3.92
19 4.42
11 2.22
15 0.68
10 1.81
6 1.99
20 3.3
9 2.02
19 4.53
19 2.19
6 1.69
18 3.06
20 1.66
15 3.15
5 0.83
20 2.75
11 2.25
15 3.63
9 2.09
13 3.41
11 3.03
12 2.24
16 4.44
19 1.15
8 3.86
5 3.11
14 5.0
15 4.19
8 1.62
10 2.84
5 2.95
16 1.33
8 1.47
8 1.87
9 4.53
13 2.65
18 4.56
14 1.26
20 3.16
12 1.82
16 2.07
18 2.5
16 3.24
20 0.54
12 2.13
9 2.11
19 4.27
7 0.86
11 4.83
17 1.44
8 1.34
10 2.53
5 2.95
15 4.52
10 2.38
13 1.71
18 3.8
12 2.47
16 2.55
16 4.23
17 1.5
11 1.17
7 1.06
19 2.84
9 4.64
16 2.61
14 4.04
7 3.48
10 2.28
19 1.17
11 2.92
17 4.14
10 2.17
9 3.96
17 4.04
8 4.67
7 2.04
8 2.08
11 4.1
10 4.55
17 4.12
18 4.14
14 0.58
17 4.38
18 1.89
20 4.12
20 4.07
19 2.69
19 2.15
16 2.8
8 4.6
15 2.45
16 3.65
5 2.37
18 3.21
5 2.13
18 1.17
18 3.1
8 3.94
13 4.13
20 3.46
7 0.86
9 4.5
13 0.68
20 1.04
13 2.13
8 4.05
15 4.13
15 0.63
17 2.66
11 4.07
7 1.49
8 1.67
9 3.46
12 1.8
14 4.22
13 2.26
14 0.92
10 1.32
20 3.3
12 1.25
19 1.48
18 3.49
17 4.94
18 4.19
5 3.85
5 2.91
5 2.97
14 4.3
6 0.87
9 5.0
17 3.22
6 2.77
22 442 159 599 429 503 880 315 870 846 830 2 750 368 662 470 349 770 224 9 685 863 547
11 827 329 548 14 803 437 377 4 988 499 123
21 361 800 467 654 21 235 803 364 890 613 961 809 171 82 226 744 698 353 707 740 182
23 591 765 147 211 229 743 974 314 488 273 98 892 64 993 351 915 742 965 552 733 579 581 491
29 112 847 300 579 830 212 11 645 36 853 9 950 287 364 583 330 716 759 754 18 293 701 19 550 952 795 341 436 65
7 133 574 729 467 2 417 30
16 868 764 682 415 441 443 726 702 369 823 111 968 375 900 580 746
12 135 957 778 121 298 592 375 639 406 679 939 541
14 96 961 92 223 23 621 328 39 165 671 546 553 425 642
21 265 922 193 648 705 80 741 296 182 394 130 206 24 91 965 698 664 205 414 252 674
13 625 993 536 460 613 951 585 101 395 972 44 367 361
5 635 969 245 261 840
27 409 349 278 155 405 159 661 710 939 385 321 551 950 676 282 537 826 941 791 320 7 277 614 140 543 253 243
26 220 200 948 495 467 189 97 751 61 681 696 159 79 553 758 578 275 293 299 60 22 840 325 0 461 909
16 610 634 181 669 234 577 289 73 557 515 886 331 554 942 776 7
12 360 522 70 913 14 811 888 497 897 692 792 566
21 205 405 168 225 856 223 936 538 828 660 281 510 618 40 9 94 892 612 597 543 6
10 969 487 852 9 764 762 5 735 505 608
27 147 972 105 41 591 734 220 447 739 942 899 415 356 422 911 341 15 902 76 579 727 155 22 621 815 144 793
28 389 174 507 686 781 495 46 25 423 118 281 459 49 834 629 78 889 406 706 745 494 908 969 888 114 71 228 575
13 689 896 938 870 861 583 215 8 121 86 697 866 877
17 465 249 535 931 703 594 387 538 748 462 317 451 39 759 352 671 582
19 121 614 809 646 486 151 118 814 46 153 291 934 314 454 423 321 811 662 747
5 762 845 292 624 931
29 65 56 29 664 843 920 483 730 17 442 30 931 409 518 428 594 894 304 19 740 476 147 576 709 478 877 375 975 747
28 605 606 548 192 46 690 515 448 12 488 777 710 271 394 477 38 239 616 487 863 608 495 366 696 367 653 535 494
15 482 729 748 103 990 460 927 229 78 170 244 122 144 740 972
17 437 51 708 249 280 94 795 899 559 204 777 141 43 158 997 102 932
5 131 117 142 718 461
18 452 320 113 161 39 621 972 295 423 505 446 208 498 810 704 237 448 165
28 907 297 499 539 839 671 874 661 814 949 306 390 421 418 16 541 536 358 416 206 56 943 233 524 72 290 813 506
13 492 752 599 489 438 470 357 189 484 91 648 809 25
18 275 132 195 241 543 219 300 776 502 533 301 988 186 494 681 286 294 595
8 861 714 412 697 314 481 281 400
10 634 192 313 425 116 71 813 679 303 357
13 88 918 74 376 886 85 673 146 764 405 269 558 602
28 293 917 560 524 788 266 508 491 627 610 862 713 901 565 833 424 854 879 454 178 267 726 576 396 171 49 865 157
20 53 273 425 954 160 386 520 861 153 484 137 998 933 70 692 798 619 922 993 190
13 124 287 295 933 907 80 102 802 603 97 509 381 379
19 908 149 393 71 703 776 921 881 527 675 154 964 261 50 189 794 715 170 13
27 172 858 911 504 815 156 8 671 882 477 618 873 395 232 222 107 356 616 825 968 25 488 861 528 53 169 762
7 172 853 482 216 330 723 96
30 387 686 49 428 199 212 851 626 839 841 821 359 734 241 442 258 891 371 50 478 963 109 287 22 433 392 243 827 702 181
24 589 470 927 695 652 670 235 77 242 770 445 798 965 49 501 966 186 860 902 200 722 361 47 92
25 525 735 935 665 30 901 955 302 25 122 485 536 829 428 945 755 598 306 228 301 629 152 931 549 477
11 695 573 537 188 162 528 435 648 464 915 466
20 101 904 806 676 471 329 84 122 572 147 376 710 698 462 669 270 345 791 947 809
18 473 676 604 414 667 958 635 115 390 106 824 938 386 345 361 893 728 963
20 674 580 77 167 613 807 865 575 48 714 372 636 590 995 121 520 849 49 144 220
21 545 379 137 49 836 99 601 874 791 687 931 995 324 807 119 431 862 891 307 564 0
5 592 126 206 387 350
22 557 907 520 652 671 544 51 512 765 943 14 498 407 804 585 50 6 513 717 873 976 516
7 185 663 133 432 376 926 287
23 216 959 356 808 28 134 908 366 386 330 377 369 971 473 119 845 693 435 646 67 527 978 65
24 422 560 567 902 732 141 91 784 931 347 637 123 716 684 47 766 497 5 218 816 701 942 555 144
21 494 731 694 178 152 84 411 616 882 581 434 311 667 347 205 185 112 669 568 914 657
30 73 182 946 921 294 72 8 321 283 443 265 489 397 728 298 882 518 759 357 540 996 637 458 131 557 376 881 615 812 877
15 222 438 67 570 450 994 357 823 54 545 330 940 133 784 153
7 612 965 562 236 14 344 497
19 145 870 905 917 907 644 169 706 28 436 676 731 191 642 801 896 251 830 796
17 494 81 976 783 959 133 94 700 408 258 23 13 118 613 142 974 520
27 362 575 857 799 376 316 425 852 251 818 36 976 963 175 117 159 252 922 75 801 879 411 218 965 91 807 907
30 629 617 347 950 150 693 706 701 662 581 15 120 634 627 938 248 911 930 256 93 137 86 504 397 395 383 781 769 316 227
29 509 674 309 155 101 875 937 295 152 724 980 747 345 241 942 843 71 263 837 382 58 551 313 45 957 300 987 694 643
29 684 390 874 459 110 216 981 771 896 482 701 699 287 672 648 799 686 214 839 898 572 185 858 429 596 329 342 738 658
20 921 789 514 94 909 954 193 209 491 41 610 588 242 51 362 836 178 54 811 875
15 997 608 25 108 465 55 45 746 788 237 369 395 124 689 956
8 212 519 407 818 966 57 347 582
12 541 763 958 644 323 342 744 889 928 452 15 649
20 43 852 521 441 891 819 358 682 629 993 635 996 529 978 716 795 310 218 808 788
9 125 552 10 891 929 358 302 914 607
22 721 172 975 448 361 589 445 832 151 486 971 967 576 528 733 870 420 787 706 709 456 532
14 971 116 673 287 709 797 18 433 382 795 389 846 126 333
22 61 646 791 750 491 952 99 3 442 244 182 788 523 250 413 172 777 1 780 986 776 811
10 541 859 316 410 627 459 266 532 880 69
19 815 186 266 507 786 120 251 418 488 253 801 968 22 236 916 884 667 99 681
12 286 440 803 908 302 972 674 430 907 555 514 73
29 807 992 640 376 537 785 964 0 991 415 209 200 950 583 68 696 759 962 251 229 633 451 919 414 504 878 894 331 133
29 981 603 940 345 74 749 249 478 397 549 764 337 757 870 890 140 285 806 329 819 760 373 279 932 976 203 966 852 429
7 528 349 354 297 716 153 83
25 582 433 706 149 946 617 359 831 210 584 859 557 729 460 46 104 300 747 620 279 648 676 998 889 8
29 412 199 714 761 608 154 254 381 661 411 630 821 876 609 235 124 996 465 510 250 651 267 968 2 438 744 717 179 429
17 794 215 18 376 43 597 855 856 377 68 610 692 723 82 411 288 956
23 922 447 431 743 267 879 433 365 900 282 156 187 144 888 864 704 224 655 796 585 516 698 268
17 314 827 600 566 434 511 697 427 171 629 129 487 946 568 367 536 91
27 163 808 450 354 566 677 147 914 809 783 839 340 534 629 202 491 684 455 465 210 461 834 595 541 635 656 289
16 29 427 594 379 484 308 732 550 742 206 842 236 817 713 514 765
26 110 789 774 324 332 76 783 541 858 237 222 551 477 868 187 969 763 379 844 500 755 289 168 19 32 6
11 145 29 8 19 801 218 140 442 734 481 850
7 899 559 32 760 917 670 664
26 876 432 558 647 898 661 286 858 441 84 28 707 262 689 973 374 294 705 824 955 922 613 498 675 15 201
24 267 519 976 959 424 274 117 549 529 538 202 252 179 786 184 975 298 376 879 237 936 700 40 112
23 917 17 448 544 4 326 18 489 215 748 450 528 578 409 414 805 331 918 871 114 717 279 28
5 689 767 421 759 271
17 136 472 898 787 656 915 568 466 337 819 590 547 276 836 708 5 458
23 765 706 901 92 972 38 597 788 379 474 889 442 632 738 811 507 21 851 919 903 339 246 789
15 463 682 905 540 187 388 998 679 38 733 976 518 481 77 23
22 574 238 807 907 180 472 408 654 704 447 24 904 487 867 693 797 136 46 353 107 12 205
26 421 948 851 218 121 691 834 226 719 84 503 569 23 704 695 567 918 91 254 184 574 476 12 211 522 647
11 930 98 231 983 279 39 888 960 431 861 665
17 554 705 812 270 362 212 414 510 19 84 513 106 626 61 82 287 276
6 897 986 751 732 704 443
30 862 885 129 497 681 161 469 439 429 28 176 27 56 309 403 101 393 527 656 504 757 840 269 676 51 926 571 76 778 18
27 1 16 257 681 271 141 723 268 805 390 907 282 14 634 542 920 40 772 156 709 96 434 263 853 698 688 891
28 793 24 7 580 790 304 662 568 377 423 965 241 678 494 967 475 364 91 977 901 561 819 957 347 889 912 173 731
9 394 746 377 434 550 455 61 425 753
8 820 356 850 857 661 590 200 759
5 773 90 684 883 254
10 58 991 883 223 412 669 402 979 575 70
22 525 106 558 887 438 194 479 69 185 198 434 945 427 27 524 240 444 539 875 938 405 528
13 24 653 32 502 198 959 14 843 686 898 817 22 939
18 285 181 732 551 163 687 792 709 298 53 837 491 855 518 871 66 718 72
25 961 259 86 818 554 523 320 899 820 652 56 246 380 30 559 81 797 700 60 858 167 374 675 696 27
13 804 736 133 862 824 806 486 74 46 131 516 64 497
14 137 112 773 384 905 553 397 106 495 871 343 897 14 760
6 967 195 783 988 158 475
28 641 314 489 958 260 495 67 531 903 345 693 517 880 212 432 780 610 22 755 350 810 896 160 838 193 180 809 370
19 169 910 667 96 182 793 604 590 731 269 534 744 527 595 880 908 72 739 332
13 594 585 869 419 0 391 857 693 579 524 60 866 24
29 415 154 302 649 962 839 191 143 547 440 813 698 127 333 315 68 385 615 327 367 63 540 645 420 353 401 864 907 396
25 41 4 313 694 518 655 727 616 995 171 11 873 730 634 940 945 953 609 708 322 10 726 507 888 151
29 910 905 195 834 434 188 846 475 878 536 561 406 608 102 601 859 734 551 904 515 768 966 70 472 352 178 321 410 823
6 707 702 961 486 36 765
12 341 162 398 423 645 762 123 214 593 33 543 474
20 382 656 910 759 360 590 532 684 41 556 260 211 890 156 300 439 366 804 585 281
15 172 832 632 183 350 334 950 996 196 220 617 40 642 704 579
12 441 948 773 672 861 725 249 714 963 99 597 917
21 59 12 817 879 543 319 917 869 524 707 668 794 632 561 378 944 754 401 135 447 672
23 607 954 693 512 764 748 338 386 284 596 755 556 115 626 28 368 790 662 433 304 665 108 93
17 878 969 838 629 446 406 864 227 589 931 133 867 552 875 839 505 192
28 902 699 472 937 470 331 723 485 388 696 589 613 667 858 248 966 879 173 908 153 441 546 896 778 784 875 182 327
9 775 470 210 186 19 346 471 72 106
15 570 782 884 71 212 500 179 284 558 409 400 133 815 147 758
13 456 70 863 302 525 412 447 600 22 648 938 437 716
29 822 929 323 420 689 607 421 49 639 492 542 611 691 171 296 842 185 700 540 992 705 477 267 214 247 747 831 619 208
5 188 813 371 824 849
24 111 663 704 840 338 14 54 399 72 809 331 344 490 478 468 217 320 939 436 321 286 220 863 640
27 205 425 632 71 932 863 398 902 703 214 220 253 447 421 617 206 770 203 814 560 539 576 31 897 78 643 128
15 874 6 936 62 50 956 28 87 619 737 741 537 608 860 289
6 734 818 172 676 914 921
18 300 213 662 89 980 244 821 895 676 84 863 491 235 503 886 862 793 259
11 946 430 770 960 622 19 765 778 822 677 330
19 82 637 185 86 895 237 137 271 224 936 198 641 292 402 998 839 243 254 397
26 374 167 615 701 441 642 469 66 647 460 867 979 244 13 419 267 526 281 687 998 318 962 696 325 937 575
28 87 43 918 826 488 204 889 564 108 469 147 286 247 910 202 950 2 614 352 949 869 652 632 752 651 410 969 519
21 334 465 820 352 974 813 312 241 634 784 995 380 691 800 870 476 837 8 941 417 755
22 209 735 586 970 411 778 449 448 857 879 468 859 143 939 418 30 217 918 348 290 435 248
7 183 220 951 181 721 984 716
14 140 450 904 857 195 372 314 57 245 220 380 21 234 538
20 636 697 266 751 613 298 666 276 979 22 309 754 4 216 443 290 267 648 698 390
14 823 489 612 178 598 856 180 219 111 348 786 872 577 583
24 35 555 891 957 964 593 49 27 221 389 321 683 308 715 24 374 625 798 521 626 721 189 901 450
19 202 81 889 610 65 798 747 585 86 803 935 357 627 888 621 325 323 524 535
12 927 797 543 551 498 720 187 166 461 115 374 917
22 882 984 132 582 692 446 152 753 937 24 266 577 291 43 503 612 415 822 49 518 785 821
25 993 878 819 122 627 447 851 778 288 449 584 823 925 385 448 94 515 997 786 677 149 278 887 135 535
26 701 333 342 873 809 859 689 990 811 279 144 171 575 600 83 81 504 521 936 756 289 840 784 739 513 992
5 811 708 532 820 930
28 383 667 695 466 337 697 720 464 56 603 28 713 640 909 187 93 919 108 284 891 800 888 870 957 940 489 989 637
9 141 622 82 694 155 140 750 938 901
14 861 231 31 233 978 43 896 538 809 919 956 742 180 408
27 921 914 543 246 526 144 431 499 386 156 126 867 24 83 518 783 242 21 589 934 742 940 868 232 900 218 928
30 902 378 699 643 936 968 832 279 749 130 618 155 22 886 28 420 578 54 859 412 178 735 868 989 596 49 312 310 206 258
22 924 631 754 456 988 511 148 635 172 331 402 513 333 300 257 570 921 365 16 129 23 151
6 690 19 201 376 311 421
23 278 736 647 754 69 803 760 739 167 727 163 85 566 986 472 2 602 419 108 898 882 40 783
16 751 822 488 993 613 308 616 243 925 564 409 948 98 207 253 432
10 369 621 780 566 226 86 342 56 624 764
30 310 609 691 288 100 234 633 557 991 131 202 158 534 393 692 346 397 769 355 311 434 206 756 511 88 59 899 805 799 863
15 394 241 382 204 703 996 92 652 481 255 320 355 220 890 507
28 721 718 425 199 472 379 736 430 385 221 549 861 457 266 850 917 903 252 672 324 241 83 187 123 214 592 5 318
15 937 133 186 315 885 391 393 901 28 306 841 736 673 372 861
14 176 284 87 417 873 388 135 260 720 139 982 506 725 999
18 328 164 467 126 511 737 439 783 524 612 241 401 650 151 283 894 471 173
9 879 76 11 665 583 779 375 900 459
30 850 884 549 152 435 173 856 855 487 49 706 240 215 685 277 729 27 170 400 658 337 75 677 565 227 89 135 746 391 424
28 81 926 324 436 299 595 734 591 462 4 967 758 965 160 342 300 621 64 646 353 739 190 763 203 968 723 406 617
21 470 882 919 53 963 437 671 759 679 423 341 486 170 48 260 458 653 511 465 167 713
13 860 220 103 180 277 316 831 522 561 444 650 502 492
21 229 453 370 173 597 686 539 63 437 733 618 456 222 13 545 692 865 808 393 967 334
26 993 924 410 595 845 641 915 442 673 248 544 893 367 51 402 672 167 454 249 989 333 655 47 999 624 594
24 229 240 324 312 476 614 268 687 521 793 64 563 686 747 314 284 823 895 583 878 105 809 992 994
22 977 546 509 212 781 959 741 90 409 500 919 156 622 151 68 67 639 742 310 485 113 289
21 552 856 900 619 371 469 466 873 40 292 289 480 403 877 557 98 367 251 161 660 503
9 476 464 103 994 956 935 892 760 649
30 4 405 902 760 10 180 316 187 611 313 642 340 600 861 660 895 473 231 733 532 985 66 95 699 514 324 170 426 773 19
18 67 440 840 276 698 776 882 639 459 908 305 296 887 918 194 623 960 866
27 500 435 37 91 971 586 774 594 296 900 410 130 687 571 185 251 165 574 155 452 628 443 948 690 788 109 131
19 41 260 660 59 612 272 376 686 624 447 976 422 194 727 894 417 886 723 163
7 500 119 573 510 928 367 49
6 707 688 229 559 815 302
24 515 107 529 198 471 576 189 134 771 949 670 5 414 968 892 768 377 687 560 170 763 869 654 440
23 156 93 118 871 511 745 230 985 106 360 313 749 179 23 973 857 744 728 538 369 464 517 16
11 389 216 451 113 208 386 64 127 297 657 10
28 616 34 687 828 196 476 784 365 270 55 202 292 488 403 284 793 885 262 210 377 980 140 590 809 558 765 142 591
12 619 71 89 362 897 491 140 138 166 603 808 844
14 887 92 401 764 168 269 352 239 763 603 873 658 294 394
26 356 51 443 316 29 890 820 908 565 496 762 884 926 400 209 272 246 511 346 543 3 667 750 541 984 546
15 717 881 564 755 561 281 139 687 811 505 77 957 223 294 902
7 122 362 387 158 962 916 130
0 0